y 103.5997 162.0615 156.4194 122.2091 147.7033 4.486812 11.39942 82.14162 5.962134 8.279912 89.12688 6.306148 3.599402
y 103.5997 162.0615 156.4194 122.2091 147.7033 4.486812 11.39942 82.14162 5.962134 8.279912 89.12688 6.306148 3.599402
y 103.5126 162.1255 156.4104 122.1314 147.7817 4.607427 11.39582 82.14696 5.95697 8.281288 89.13182 6.306024 3.612108
y 103.5126 162.1255 156.4104 122.1314 147.7817 4.607427 11.39582 82.14696 5.95697 8.281288 89.13182 6.306024 3.612108
y 103.4912 162.1508 156.4015 122.1047 147.8089 4.643424 11.38839 82.15525 5.948309 8.280908 89.14094 6.306086 3.626606
y 103.4912 162.1508 156.4015 122.1047 147.8089 4.643424 11.38839 82.15525 5.948309 8.280908 89.14094 6.306086 3.626606
y 103.5073 162.1516 156.3691 122.1037 147.8148 4.569476 11.35864 82.17283 5.917053 8.237951 89.16959 6.276855 3.681318
y 103.5073 162.1516 156.3691 122.1037 147.8148 4.569476 11.35864 82.17283 5.917053 8.237951 89.16959 6.276855 3.681318
y 103.4903 162.1752 157.5071 121.9191 148.0029 4.680316 11.27877 82.21446 5.848145 8.118684 89.23692 6.18244 3.804262
y 103.4903 162.1752 157.5071 121.9191 148.0029 4.680316 11.27877 82.21446 5.848145 8.118684 89.23692 6.18244 3.804262
y 103.4662 162.2061 157.9878 121.6804 148.243 4.825357 11.17183 82.27392 5.760344 7.984705 89.31256 6.062039 3.910012
y 103.4662 162.2061 157.9878 121.6804 148.243 4.825357 11.17183 82.27392 5.760344 7.984705 89.31256 6.062039 3.910012
y 103.4252 162.2489 158.2543 121.3983 148.521 5.063492 11.01766 82.36797 5.634438 7.856353 89.37826 5.945343 3.89536
y 103.4252 162.2489 158.2543 121.3983 148.521 5.063492 11.01766 82.36797 5.634438 7.856353 89.37826 5.945343 3.89536
y 103.3687 162.3053 158.4574 121.0989 148.8155 5.286871 10.86756 82.46556 5.513631 7.734643 89.44061 5.829043 3.892644
y 103.3687 162.3053 158.4574 121.0989 148.8155 5.286871 10.86756 82.46556 5.513631 7.734643 89.44061 5.829043 3.892644
y 103.2943 162.3789 158.6453 120.8216 149.0869 5.474752 10.71175 82.57301 5.384851 7.621974 89.49467 5.715117 3.879493
y 103.2943 162.3789 158.6453 120.8216 149.0869 5.474752 10.71175 82.57301 5.384851 7.621974 89.49467 5.715117 3.879493
y 103.2115 162.3522 158.8627 120.4078 149.4629 5.368195 10.57436 82.66934 5.27314 7.507495 89.53524 5.586968 3.8803
y 103.2115 162.3522 158.8627 120.4078 149.4629 5.368195 10.57436 82.66934 5.27314 7.507495 89.53524 5.586968 3.8803
y 103.1592 162.1343 159.061 119.9459 149.8134 5.596711 10.47388 82.73598 5.19388 7.409203 89.55898 5.461851 3.867258
y 103.1592 162.1343 159.061 119.9459 149.8134 5.596711 10.47388 82.73598 5.19388 7.409203 89.55898 5.461851 3.867258
y 103.1274 161.9534 159.1973 119.5928 150.0627 5.945211 10.39905 82.78262 5.138164 7.328175 89.57044 5.357488 3.853613
y 103.1274 161.9534 159.1973 119.5928 150.0627 5.945211 10.39905 82.78262 5.138164 7.328175 89.57044 5.357488 3.853613
y 103.1082 161.7965 159.2743 119.314 150.253 6.240767 10.3445 82.81304 5.100349 7.260257 89.57252 5.268419 3.827969
y 103.1082 161.7965 159.2743 119.314 150.253 6.240767 10.3445 82.81304 5.100349 7.260257 89.57252 5.268419 3.827969
y 103.0836 161.6547 159.3076 119.1057 150.3831 6.368428 10.30571 82.8335 5.076554 7.208704 89.56277 5.195313 3.763692
y 103.0836 161.6547 159.3076 119.1057 150.3831 6.368428 10.30571 82.8335 5.076554 7.208704 89.56277 5.195313 3.763692
y 103.0521 161.5576 159.3206 118.971 150.4624 6.389484 10.27801 82.84805 5.061596 7.17682 89.54521 5.136943 3.671999
y 103.0521 161.5576 159.3206 118.971 150.4624 6.389484 10.27801 82.84805 5.061596 7.17682 89.54521 5.136943 3.671999
y 103.0149 161.5242 159.3315 118.8863 150.5098 6.407717 10.25682 82.85883 5.049427 7.154424 89.52693 5.089313 3.639702
y 103.0149 161.5242 159.3315 118.8863 150.5098 6.407717 10.25682 82.85883 5.049427 7.154424 89.52693 5.089313 3.639702
y 102.9833 161.5339 159.3298 118.8298 150.5488 6.403401 10.23923 82.8673 5.038979 7.138695 89.50965 5.049272 3.647763
y 102.9833 161.5339 159.3298 118.8298 150.5488 6.403401 10.23923 82.8673 5.038979 7.138695 89.50965 5.049272 3.647763
y 102.9598 161.5311 159.3168 118.8 150.5583 6.47578 10.22478 82.87508 5.030612 7.128574 89.49177 5.014697 3.651358
y 102.9598 161.5311 159.3168 118.8 150.5583 6.47578 10.22478 82.87508 5.030612 7.128574 89.49177 5.014697 3.651358
y 102.9425 161.5146 159.3033 118.7771 150.5663 6.592046 10.21273 82.88191 5.023441 7.124391 89.47506 4.995516 3.622879
y 102.9425 161.5146 159.3033 118.7771 150.5663 6.592046 10.21273 82.88191 5.023441 7.124391 89.47506 4.995516 3.622879
y 102.946 161.4887 159.2827 118.7728 150.5611 6.680346 10.20244 82.88911 5.0154 7.126455 89.45903 4.985742 3.598422
y 102.946 161.4887 159.2827 118.7728 150.5611 6.680346 10.20244 82.88911 5.0154 7.126455 89.45903 4.985742 3.598422
y 102.9478 161.4945 159.2689 118.7578 150.5845 6.690642 10.19487 82.89513 5.014541 7.132316 89.44584 4.983069 3.581077
y 102.9478 161.4945 159.2689 118.7578 150.5845 6.690642 10.19487 82.89513 5.014541 7.132316 89.44584 4.983069 3.581077
y 102.9421 161.5236 159.2665 118.7368 150.6133 6.849884 10.1864 82.90567 5.009694 7.142734 89.43421 4.987352 3.59717
y 102.9421 161.5236 159.2665 118.7368 150.6133 6.849884 10.1864 82.90567 5.009694 7.142734 89.43421 4.987352 3.59717
y 102.9528 161.5794 159.2613 118.7664 150.6146 6.870811 10.17664 82.92018 5.005077 7.160181 89.4238 4.988688 3.613409
y 102.9528 161.5794 159.2613 118.7664 150.6146 6.870811 10.17664 82.92018 5.005077 7.160181 89.4238 4.988688 3.613409
y 102.967 161.6245 158.6411 118.8 150.6035 7.087342 10.16643 82.93704 5.004764 7.186872 89.41895 5.004451 3.61498
y 102.967 161.6245 158.6411 118.8 150.6035 7.087342 10.16643 82.93704 5.004764 7.186872 89.41895 5.004451 3.61498
y 102.9777 161.6838 158.2748 118.8187 150.6145 7.231285 10.15916 82.95156 5.008207 7.215913 89.41425 5.03252 3.618878
y 102.9777 161.6838 158.2748 118.8187 150.6145 7.231285 10.15916 82.95156 5.008207 7.215913 89.41425 5.03252 3.618878
y 102.9572 161.8101 158.0424 118.7682 150.7193 7.234079 10.15439 82.96587 5.016338 7.246815 89.4081 5.056406 3.627686
y 102.9572 161.8101 158.0424 118.7682 150.7193 7.234079 10.15439 82.96587 5.016338 7.246815 89.4081 5.056406 3.627686
y 102.7803 162.1208 158.1033 118.3566 151.2131 6.926652 10.1542 82.97939 5.031274 7.279823 89.40512 5.079988 3.651143
y 102.7803 162.1208 158.1033 118.3566 151.2131 6.926652 10.1542 82.97939 5.031274 7.279823 89.40512 5.079988 3.651143
y 102.5324 162.4828 158.275 117.7906 151.8479 6.528856 10.15689 82.99757 5.05063 7.320514 89.40648 5.113087 3.675836
y 102.5324 162.4828 158.275 117.7906 151.8479 6.528856 10.15689 82.99757 5.05063 7.320514 89.40648 5.113087 3.675836
y 102.403 162.6774 158.3401 117.5 152.1629 5.617369 10.16713 83.01688 5.079332 7.367002 89.41271 5.153242 3.710985
y 102.403 162.6774 158.3401 117.5 152.1629 5.617369 10.16713 83.01688 5.079332 7.367002 89.41271 5.153242 3.710985
y 102.2747 162.8878 158.9324 117.2162 152.477 5.331089 10.18231 83.03512 5.123309 7.414444 89.41911 5.181983 3.754889
y 102.2747 162.8878 158.9324 117.2162 152.477 5.331089 10.18231 83.03512 5.123309 7.414444 89.41911 5.181983 3.754889
y 100.7967 163.7999 159.382 115.4366 154.2795 6.320124 10.20199 83.0488 5.164409 7.457983 89.42289 5.20718 3.803747
y 100.7967 163.7999 159.382 115.4366 154.2795 6.320124 10.20199 83.0488 5.164409 7.457983 89.42289 5.20718 3.803747
y 100.1352 164.1436 159.5343 114.5971 155.0986 7.03372 10.22378 83.05833 5.204507 7.515802 89.42242 5.247065 3.806372
y 100.1352 164.1436 159.5343 114.5971 155.0986 7.03372 10.22378 83.05833 5.204507 7.515802 89.42242 5.247065 3.806372
y 99.80405 164.2998 159.611 114.1692 155.5031 7.47462 10.24999 83.06264 5.247736 7.578621 89.41859 5.290243 3.790133
y 99.80405 164.2998 159.611 114.1692 155.5031 7.47462 10.24999 83.06264 5.247736 7.578621 89.41859 5.290243 3.790133
y 99.59293 164.4086 159.5169 113.8993 155.7581 7.90552 10.26949 83.06752 5.282051 7.624703 89.41606 5.316918 3.78222
y 99.59293 164.4086 159.5169 113.8993 155.7581 7.90552 10.26949 83.06752 5.282051 7.624703 89.41606 5.316918 3.78222
y 101.0395 164.1661 159.1881 115.6677 154.1989 5.035673 10.26439 83.07852 5.294908 7.63602 89.41552 5.315924 3.77429
y 101.0395 164.1661 159.1881 115.6677 154.1989 5.035673 10.26439 83.07852 5.294908 7.63602 89.41552 5.315924 3.77429
y 101.7581 164.0374 158.9671 116.3495 153.587 3.98772 10.23368 83.09866 5.29265 7.616179 89.43272 5.288095 3.759996
y 101.7581 164.0374 158.9671 116.3495 153.587 3.98772 10.23368 83.09866 5.29265 7.616179 89.43272 5.288095 3.759996
y 102.1002 163.9686 158.7338 116.6396 153.3204 3.747843 10.18397 83.12658 5.271616 7.583384 89.45259 5.251245 3.710352
y 102.1002 163.9686 158.7338 116.6396 153.3204 3.747843 10.18397 83.12658 5.271616 7.583384 89.45259 5.251245 3.710352
y 102.292 163.9215 158.7 116.7758 153.1934 3.742405 10.13227 83.15433 5.246766 7.541632 89.47154 5.202436 3.675303
y 102.292 163.9215 158.7 116.7758 153.1934 3.742405 10.13227 83.15433 5.246766 7.541632 89.47154 5.202436 3.675303
y 102.393 163.8894 159.0774 116.7929 153.1778 3.80143 10.09422 83.17026 5.232855 7.517342 89.48082 5.168201 3.623096
y 102.393 163.8894 159.0774 116.7929 153.1778 3.80143 10.09422 83.17026 5.232855 7.517342 89.48082 5.168201 3.623096
y 102.4204 163.849 159.4073 116.7445 153.2186 4.088926 10.0713 83.17946 5.227085 7.506894 89.48494 5.148944 3.593576
y 102.4204 163.849 159.4073 116.7445 153.2186 4.088926 10.0713 83.17946 5.227085 7.506894 89.48494 5.148944 3.593576
y 102.507 163.7238 159.8946 116.8517 153.0952 4.346453 10.06019 83.18285 5.227273 7.510709 89.48783 5.147346 3.597334
y 102.507 163.7238 159.8946 116.8517 153.0952 4.346453 10.06019 83.18285 5.227273 7.510709 89.48783 5.147346 3.597334
y 102.5416 163.5189 160.2429 116.8903 153.0038 5.33524 10.05479 83.18327 5.231207 7.521753 89.48741 5.141556 3.630654
y 102.5416 163.5189 160.2429 116.8903 153.0038 5.33524 10.05479 83.18327 5.231207 7.521753 89.48741 5.141556 3.630654
y 102.5836 163.377 160.3923 116.9622 152.8866 5.883032 10.05136 83.1825 5.237159 7.529993 89.48629 5.142281 3.681531
y 102.5836 163.377 160.3923 116.9622 152.8866 5.883032 10.05136 83.1825 5.237159 7.529993 89.48629 5.142281 3.681531
y 102.6067 163.2693 160.2863 117.0076 152.7987 6.269041 10.04657 83.18089 5.244935 7.53627 89.48885 5.162397 3.702216
y 102.6067 163.2693 160.2863 117.0076 152.7987 6.269041 10.04657 83.18089 5.244935 7.53627 89.48885 5.162397 3.702216
y 102.6108 163.2131 160.2905 116.9949 152.7882 6.470145 10.04113 83.17818 5.256019 7.535749 89.49414 5.178049 3.68419
y 102.6108 163.2131 160.2905 116.9949 152.7882 6.470145 10.04113 83.17818 5.256019 7.535749 89.49414 5.178049 3.68419
y 102.6118 163.1808 160.2721 116.9656 152.8157 6.568801 10.03578 83.17554 5.27013 7.522717 89.50652 5.189426 3.647119
y 102.6118 163.1808 160.2721 116.9656 152.8157 6.568801 10.03578 83.17554 5.27013 7.522717 89.50652 5.189426 3.647119
y 102.6118 163.1796 160.129 116.999 152.8047 8.262678 10.03299 83.16998 5.28739 7.486974 89.51948 5.172408 3.621203
y 102.6118 163.1796 160.129 116.999 152.8047 8.262678 10.03299 83.16998 5.28739 7.486974 89.51948 5.172408 3.621203
y 102.6117 163.1255 160.0219 117.1692 152.6492 9.567128 10.02748 83.16689 5.297313 7.439807 89.52952 5.13824 3.598749
y 102.6117 163.1255 160.0219 117.1692 152.6492 9.567128 10.02748 83.16689 5.297313 7.439807 89.52952 5.13824 3.598749
y 102.7651 162.9762 159.7709 117.7986 152.0556 9.855765 10.01651 83.16218 5.302378 7.371236 89.53609 5.081993 3.612054
y 102.7651 162.9762 159.7709 117.7986 152.0556 9.855765 10.01651 83.16218 5.302378 7.371236 89.53609 5.081993 3.612054
y 102.6114 162.7163 159.3192 118.7196 151.0972 12.66036 9.994342 83.15644 5.300789 7.260852 89.5442 4.993634 3.66741
y 102.6114 162.7163 159.3192 118.7196 151.0972 12.66036 9.994342 83.15644 5.300789 7.260852 89.5442 4.993634 3.66741
y 102.7272 162.2515 158.8731 119.9341 149.8601 13.29335 9.955285 83.14928 5.285092 7.090468 89.55089 4.848322 3.67951
y 102.7272 162.2515 158.8731 119.9341 149.8601 13.29335 9.955285 83.14928 5.285092 7.090468 89.55089 4.848322 3.67951
y 103.2594 161.6117 158.6078 121.1089 148.6563 12.14915 9.887935 83.13662 5.252812 6.881166 89.56403 4.763084 3.882369
y 103.2594 161.6117 158.6078 121.1089 148.6563 12.14915 9.887935 83.13662 5.252812 6.881166 89.56403 4.763084 3.882369
y 103.8651 160.9145 158.6147 121.7311 147.8734 8.938593 9.731084 83.17221 5.289984 6.737029 89.6473 4.982322 3.989634
y 103.8651 160.9145 158.6147 121.7311 147.8734 8.938593 9.731084 83.17221 5.289984 6.737029 89.6473 4.982322 3.989634
y 104.0392 160.6525 158.7691 121.5805 147.9164 8.133036 9.391219 83.31703 5.195841 6.679464 89.77868 5.568698 4.04002
y 104.0392 160.6525 158.7691 121.5805 147.9164 8.133036 9.391219 83.31703 5.195841 6.679464 89.77868 5.568698 4.04002
y 104.0392 160.6525 158.7691 121.5805 147.9164 8.133036 9.391219 83.31703 5.195841 6.679464 89.77868 5.568698 4.04002
y 104.0392 160.6525 158.7691 121.5805 147.9164 8.133036 9.391219 83.31703 5.195841 6.679464 89.77868 5.568698 4.04002
y 104.0392 160.6525 158.7691 121.5805 147.9164 8.133036 9.391219 83.31703 5.195841 6.679464 89.77868 5.568698 4.04002
y 104.0392 160.6525 158.7691 121.5805 147.9164 8.133036 9.391219 83.31703 5.195841 6.679464 89.77868 5.568698 4.04002
m 109.4767 158.5006 144.7311 140.8112 125.399 67.48692 16.23076 84.33797 31.25078 15.02569 99.58025 32.08989 3.846951
m 109.4767 158.5006 144.7311 140.8112 125.399 67.48692 16.23076 84.33797 31.25078 15.02569 99.58025 32.08989 3.846951
m 109.2701 158.7698 144.8474 140.6167 125.4873 67.70364 16.38091 84.42124 31.26232 15.15936 99.59097 31.89487 3.689606
m 109.2701 158.7698 144.8474 140.6167 125.4873 67.70364 16.38091 84.42124 31.26232 15.15936 99.59097 31.89487 3.689606
m 109.2298 158.8214 144.857 140.3947 125.5092 67.75681 16.49748 84.49039 31.16057 15.27171 99.60588 31.65866 3.650071
m 109.2298 158.8214 144.857 140.3947 125.5092 67.75681 16.49748 84.49039 31.16057 15.27171 99.60588 31.65866 3.650071
m 109.3153 158.6977 144.8038 140.378 125.3436 67.64145 16.55643 84.56325 31.10034 15.37822 99.61327 31.36528 3.602338
m 109.3153 158.6977 144.8038 140.378 125.3436 67.64145 16.55643 84.56325 31.10034 15.37822 99.61327 31.36528 3.602338
m 109.4895 158.5415 144.6442 140.3905 125.1643 68.37879 16.72061 84.57178 30.91111 15.48433 99.60633 31.13613 3.598422
m 109.4895 158.5415 144.6442 140.3905 125.1643 68.37879 16.72061 84.57178 30.91111 15.48433 99.60633 31.13613 3.598422
m 109.6099 158.4507 144.4879 140.1943 125.1751 68.70811 16.7826 84.44201 30.39789 15.51403 99.50441 30.7689 3.764576
m 109.6099 158.4507 144.4879 140.1943 125.1751 68.70811 16.7826 84.44201 30.39789 15.51403 99.50441 30.7689 3.764576
m 109.6361 158.525 144.3323 140.164 125.0224 68.56406 16.90202 84.31807 30.10426 15.5715 99.42049 30.66249 3.729827
m 109.6361 158.525 144.3323 140.164 125.0224 68.56406 16.90202 84.31807 30.10426 15.5715 99.42049 30.66249 3.729827
m 109.7906 158.4483 144.1939 140.0891 124.9762 68.61812 16.97301 84.14465 29.87839 15.5851 99.29051 30.66875 3.920415
m 109.7906 158.4483 144.1939 140.0891 124.9762 68.61812 16.97301 84.14465 29.87839 15.5851 99.29051 30.66875 3.920415
m 109.7677 158.5128 144.2821 139.9228 125.1041 68.87701 17.01703 83.98085 29.73318 15.53831 99.16655 30.6874 3.975226
m 109.7677 158.5128 144.2821 139.9228 125.1041 68.87701 17.01703 83.98085 29.73318 15.53831 99.16655 30.6874 3.975226
m 109.6437 158.6873 144.4346 139.7525 125.415 69.25444 16.98619 83.85664 29.58048 15.34027 99.05061 30.46744 3.948932
m 109.6437 158.6873 144.4346 139.7525 125.415 69.25444 16.98619 83.85664 29.58048 15.34027 99.05061 30.46744 3.948932
m 109.5758 158.8557 144.6668 139.7904 125.5892 70.37335 16.72898 83.67607 29.23251 14.95333 98.94 30.10352 4.087489
m 109.5758 158.8557 144.6668 139.7904 125.5892 70.37335 16.72898 83.67607 29.23251 14.95333 98.94 30.10352 4.087489
m 109.5731 158.9528 144.8966 139.9137 125.5729 71.14037 16.44547 83.49857 28.90722 14.52962 98.81133 29.75494 4.218537
m 109.5731 158.9528 144.8966 139.9137 125.5729 71.14037 16.44547 83.49857 28.90722 14.52962 98.81133 29.75494 4.218537
m 109.6464 159.0148 144.8812 140.0597 125.2936 69.7284 16.16472 83.36918 28.66832 14.16677 98.71165 29.59439 4.346588
m 109.6464 159.0148 144.8812 140.0597 125.2936 69.7284 16.16472 83.36918 28.66832 14.16677 98.71165 29.59439 4.346588
m 109.5281 159.1651 144.9928 140.1357 125.2424 68.63438 15.9302 83.26308 28.50389 13.85311 98.64745 29.4719 4.150816
m 109.5281 159.1651 144.9928 140.1357 125.2424 68.63438 15.9302 83.26308 28.50389 13.85311 98.64745 29.4719 4.150816
m 109.4099 159.2985 145.1066 140.2539 125.1444 67.78338 15.76298 83.17142 28.36331 13.66388 98.65987 29.41168 3.935272
m 109.4099 159.2985 145.1066 140.2539 125.1444 67.78338 15.76298 83.17142 28.36331 13.66388 98.65987 29.41168 3.935272
m 109.4002 159.302 145.1811 140.3348 125.0847 67.27957 15.645 83.10492 28.2747 13.53095 98.66428 29.38103 3.859757
m 109.4002 159.302 145.1811 140.3348 125.0847 67.27957 15.645 83.10492 28.2747 13.53095 98.66428 29.38103 3.859757
m 109.3962 159.2922 145.2191 140.4162 125.0173 66.9783 15.55905 83.06597 28.22708 13.42723 98.6554 29.35091 3.783151
m 109.3962 159.2922 145.2191 140.4162 125.0173 66.9783 15.55905 83.06597 28.22708 13.42723 98.6554 29.35091 3.783151
m 109.4212 159.2493 145.2332 140.5479 124.8937 67.28591 15.47994 83.05057 28.2079 13.35803 98.65279 29.56661 3.739107
m 109.4212 159.2493 145.2332 140.5479 124.8937 67.28591 15.47994 83.05057 28.2079 13.35803 98.65279 29.56661 3.739107
m 109.5226 159.1373 145.2165 140.7997 124.6647 67.13837 15.43108 83.03796 28.1857 13.31536 98.65656 29.63279 3.744968
m 109.5226 159.1373 145.2165 140.7997 124.6647 67.13837 15.43108 83.03796 28.1857 13.31536 98.65656 29.63279 3.744968
m 109.5588 159.0825 145.2531 140.8853 124.6172 66.98671 15.39517 83.03094 28.1733 13.29001 98.66306 29.67667 3.760673
m 109.5588 159.0825 145.2531 140.8853 124.6172 66.98671 15.39517 83.03094 28.1733 13.29001 98.66306 29.67667 3.760673
m 109.6305 158.9984 145.3372 140.9704 124.5287 66.69682 15.34596 83.03304 28.14546 13.29564 98.66614 29.72765 3.802975
m 109.6305 158.9984 145.3372 140.9704 124.5287 66.69682 15.34596 83.03304 28.14546 13.29564 98.66614 29.72765 3.802975
m 109.723 158.9034 145.3679 141.1133 124.3378 66.42534 15.35071 83.0361 28.17012 13.31995 98.66798 29.82002 3.809355
m 109.723 158.9034 145.3679 141.1133 124.3378 66.42534 15.35071 83.0361 28.17012 13.31995 98.66798 29.82002 3.809355
m 109.8092 158.8105 145.3234 141.1887 124.2221 66.42403 15.34933 83.04809 28.19003 13.35807 98.66998 29.9272 3.843743
m 109.8092 158.8105 145.3234 141.1887 124.2221 66.42403 15.34933 83.04809 28.19003 13.35807 98.66998 29.9272 3.843743
m 109.8265 158.7799 145.3239 141.1814 124.2184 67.7603 15.36401 83.06262 28.2299 13.3962 98.68124 30.01057 3.829503
m 109.8265 158.7799 145.3239 141.1814 124.2184 67.7603 15.36401 83.06262 28.2299 13.3962 98.68124 30.01057 3.829503
m 109.8431 158.7561 145.306 141.1928 124.1968 67.82573 15.35098 83.09732 28.24693 13.42974 98.69458 30.02846 3.824847
m 109.8431 158.7561 145.306 141.1928 124.1968 67.82573 15.35098 83.09732 28.24693 13.42974 98.69458 30.02846 3.824847
m 109.998 158.5217 145.3568 141.4304 124.2074 67.83948 15.34158 83.11028 28.24963 13.41236 98.68495 30.0165 3.840328
m 109.998 158.5217 145.3568 141.4304 124.2074 67.83948 15.34158 83.11028 28.24963 13.41236 98.68495 30.0165 3.840328
m 109.8955 158.4938 145.5836 141.3219 124.6049 68.50131 15.23199 83.19269 28.18116 13.35201 98.67285 30.05746 3.825768
m 109.8955 158.4938 145.5836 141.3219 124.6049 68.50131 15.23199 83.19269 28.18116 13.35201 98.67285 30.05746 3.825768
m 109.5528 158.7408 145.8034 140.9306 125.1483 69.08472 15.04242 83.36236 28.04448 13.29402 98.71875 30.01208 3.719365
m 109.5528 158.7408 145.8034 140.9306 125.1483 69.08472 15.04242 83.36236 28.04448 13.29402 98.71875 30.01208 3.719365
m 109.6243 158.6058 145.9579 141.123 125.0536 69.73366 14.87668 83.49346 27.88776 13.17089 98.73778 29.77142 3.655324
m 109.6243 158.6058 145.9579 141.123 125.0536 69.73366 14.87668 83.49346 27.88776 13.17089 98.73778 29.77142 3.655324
m 109.73 158.4495 146.1852 141.251 125.0206 70.15498 14.75374 83.57721 27.75787 13.05531 98.75109 29.47657 3.587305
m 109.73 158.4495 146.1852 141.251 125.0206 70.15498 14.75374 83.57721 27.75787 13.05531 98.75109 29.47657 3.587305
m 109.7847 158.3325 146.4613 141.3191 125.1198 70.1001 14.6712 83.61256 27.63906 12.95034 98.75209 29.24712 3.535239
m 109.7847 158.3325 146.4613 141.3191 125.1198 70.1001 14.6712 83.61256 27.63906 12.95034 98.75209 29.24712 3.535239
m 109.801 158.2916 146.4462 141.3098 125.197 69.71751 14.61993 83.63449 27.57371 12.87238 98.7537 29.16581 3.503696
m 109.801 158.2916 146.4462 141.3098 125.197 69.71751 14.61993 83.63449 27.57371 12.87238 98.7537 29.16581 3.503696
m 109.8093 158.3495 146.3517 141.1677 125.2133 68.61526 14.55261 83.62402 27.49609 12.79151 98.74908 29.08336 3.502522
m 109.8093 158.3495 146.3517 141.1677 125.2133 68.61526 14.55261 83.62402 27.49609 12.79151 98.74908 29.08336 3.502522
m 109.8742 158.3762 146.1432 141.1474 125.048 67.81898 14.40073 83.63343 27.35268 12.678 98.75645 28.96728 3.537454
m 109.8742 158.3762 146.1432 141.1474 125.048 67.81898 14.40073 83.63343 27.35268 12.678 98.75645 28.96728 3.537454
m 109.9623 158.3875 145.9602 141.1789 124.7704 66.87768 14.25202 83.62602 27.19983 12.56359 98.76359 28.8216 3.601359
m 109.9623 158.3875 145.9602 141.1789 124.7704 66.87768 14.25202 83.62602 27.19983 12.56359 98.76359 28.8216 3.601359
m 110.122 158.3079 145.6377 141.2607 124.423 68.92554 14.11976 83.59146 27.03862 12.44416 98.74261 28.66176 3.683711
m 110.122 158.3079 145.6377 141.2607 124.423 68.92554 14.11976 83.59146 27.03862 12.44416 98.74261 28.66176 3.683711
m 109.959 158.5522 145.4139 140.2062 124.9744 68.17562 13.9826 83.4613 26.83217 12.27369 98.66571 28.46566 3.732765
m 109.959 158.5522 145.4139 140.2062 124.9744 68.17562 13.9826 83.4613 26.83217 12.27369 98.66571 28.46566 3.732765
m 109.959 158.5522 145.4139 140.2062 124.9744 68.17562 13.9826 83.4613 26.83217 12.27369 98.66571 28.46566 3.732765
m 109.959 158.5522 145.4139 140.2062 124.9744 68.17562 13.9826 83.4613 26.83217 12.27369 98.66571 28.46566 3.732765
m 109.959 158.5522 145.4139 140.2062 124.9744 68.17562 13.9826 83.4613 26.83217 12.27369 98.66571 28.46566 3.732765
m 109.959 158.5522 145.4139 140.2062 124.9744 68.17562 13.9826 83.4613 26.83217 12.27369 98.66571 28.46566 3.732765
a 105.1843 164.615 140.7611 120.9468 134.9049 83.88837 7.659244 82.50198 9.377941 6.835408 89.65063 5.505592 6.607052
a 105.1843 164.615 140.7611 120.9468 134.9049 83.88837 7.659244 82.50198 9.377941 6.835408 89.65063 5.505592 6.607052
a 105.1523 164.652 140.7803 120.9061 135.1978 84.15949 7.688067 82.47515 9.288 6.855751 89.63474 5.533995 6.572442
a 105.1523 164.652 140.7803 120.9061 135.1978 84.15949 7.688067 82.47515 9.288 6.855751 89.63474 5.533995 6.572442
a 105.1096 164.7015 140.8314 120.8457 135.3571 84.5798 7.726493 82.44258 9.251576 6.90629 89.61591 5.556613 6.579569
a 105.1096 164.7015 140.8314 120.8457 135.3571 84.5798 7.726493 82.44258 9.251576 6.90629 89.61591 5.556613 6.579569
a 105.0447 164.7692 140.8734 120.6958 135.6441 84.86299 7.736774 82.43993 9.270124 6.963227 89.60333 5.58788 6.595764
a 105.0447 164.7692 140.8734 120.6958 135.6441 84.86299 7.736774 82.43993 9.270124 6.963227 89.60333 5.58788 6.595764
a 105.0085 164.8089 140.9151 120.8186 135.7158 85.10101 7.771501 82.41559 9.296502 7.021298 89.59307 5.626328 6.488364
a 105.0085 164.8089 140.9151 120.8186 135.7158 85.10101 7.771501 82.41559 9.296502 7.021298 89.59307 5.626328 6.488364
a 105.0627 164.7722 140.9402 121.0637 135.6024 85.48861 7.800491 82.39418 9.287069 7.066885 89.57439 5.719128 6.488032
a 105.0627 164.7722 140.9402 121.0637 135.6024 85.48861 7.800491 82.39418 9.287069 7.066885 89.57439 5.719128 6.488032
a 105.0193 164.8338 141.0798 121.2478 135.5724 85.99812 7.822051 82.37802 9.272308 7.103598 89.5577 5.759766 6.403891
a 105.0193 164.8338 141.0798 121.2478 135.5724 85.99812 7.822051 82.37802 9.272308 7.103598 89.5577 5.759766 6.403891
a 104.9331 164.9385 141.2466 121.4016 135.452 86.09781 7.819014 82.38274 9.243311 7.12907 89.55074 5.782419 6.288557
a 104.9331 164.9385 141.2466 121.4016 135.452 86.09781 7.819014 82.38274 9.243311 7.12907 89.55074 5.782419 6.288557
a 104.9058 164.9727 141.3748 121.6652 135.1998 85.73282 7.836566 82.37212 9.300117 7.150831 89.54604 5.814869 6.152305
a 104.9058 164.9727 141.3748 121.6652 135.1998 85.73282 7.836566 82.37212 9.300117 7.150831 89.54604 5.814869 6.152305
a 104.8587 165.0216 141.5044 121.897 135.0093 85.7338 7.849705 82.36536 9.325399 7.17001 89.54144 5.820832 5.986972
a 104.8587 165.0216 141.5044 121.897 135.0093 85.7338 7.849705 82.36536 9.325399 7.17001 89.54144 5.820832 5.986972
a 104.7699 165.1139 141.658 122.0885 134.8503 85.6715 7.866516 82.35318 9.347355 7.193694 89.52385 5.881133 5.803566
a 104.7699 165.1139 141.658 122.0885 134.8503 85.6715 7.866516 82.35318 9.347355 7.193694 89.52385 5.881133 5.803566
a 104.714 165.1754 141.7778 122.0903 135.092 85.87856 7.894537 82.32813 9.359689 7.224608 89.48982 5.944386 5.790075
a 104.714 165.1754 141.7778 122.0903 135.092 85.87856 7.894537 82.32813 9.359689 7.224608 89.48982 5.944386 5.790075
a 104.8046 165.0937 141.7127 122.2276 135.0235 85.87705 7.936769 82.28917 9.363405 7.244404 89.45629 6.098601 5.920994
a 104.8046 165.0937 141.7127 122.2276 135.0235 85.87705 7.936769 82.28917 9.363405 7.244404 89.45629 6.098601 5.920994
a 105.0067 164.8973 141.6471 122.3888 134.9671 86.01335 7.982492 82.24681 9.357148 7.263689 89.41781 6.254293 6.128999
a 105.0067 164.8973 141.6471 122.3888 134.9671 86.01335 7.982492 82.24681 9.357148 7.263689 89.41781 6.254293 6.128999
a 105.1597 164.7393 141.6041 122.6052 134.7837 85.98876 8.016382 82.21301 9.350488 7.297643 89.37936 6.322388 6.233915
a 105.1597 164.7393 141.6041 122.6052 134.7837 85.98876 8.016382 82.21301 9.350488 7.297643 89.37936 6.322388 6.233915
a 105.2249 164.6658 141.5941 122.5485 134.8451 86.22817 8.051448 82.17761 9.337678 7.316895 89.35347 6.36809 6.365749
a 105.2249 164.6658 141.5941 122.5485 134.8451 86.22817 8.051448 82.17761 9.337678 7.316895 89.35347 6.36809 6.365749
a 105.2334 164.646 141.6102 122.7105 134.6174 86.11273 8.065407 82.16327 9.323397 7.331949 89.34031 6.393871 6.278728
a 105.2334 164.646 141.6102 122.7105 134.6174 86.11273 8.065407 82.16327 9.323397 7.331949 89.34031 6.393871 6.278728
a 105.1995 164.6579 141.7361 122.8917 134.2198 85.87576 8.073896 82.15541 9.33212 7.339599 89.3301 6.407043 6.112825
a 105.1995 164.6579 141.7361 122.8917 134.2198 85.87576 8.073896 82.15541 9.33212 7.339599 89.3301 6.407043 6.112825
a 105.1287 164.6823 141.9867 122.9295 133.737 85.70628 8.072901 82.14761 9.182389 7.343073 89.3208 6.405575 6.03202
a 105.1287 164.6823 141.9867 122.9295 133.737 85.70628 8.072901 82.14761 9.182389 7.343073 89.3208 6.405575 6.03202
a 105.0823 164.682 142.082 122.9739 133.5044 85.71745 8.05542 82.15286 9.178173 7.345104 89.31407 6.422419 5.993091
a 105.0823 164.682 142.082 122.9739 133.5044 85.71745 8.05542 82.15286 9.178173 7.345104 89.31407 6.422419 5.993091
a 104.995 164.7252 142.1262 123.0024 133.2426 85.75658 8.022722 82.17717 9.217762 7.336444 89.31459 6.362298 5.965553
a 104.995 164.7252 142.1262 123.0024 133.2426 85.75658 8.022722 82.17717 9.217762 7.336444 89.31459 6.362298 5.965553
a 104.9035 164.7887 142.1908 122.986 133.2642 79.94307 8.010159 82.18305 9.229928 7.325899 89.31198 6.356873 5.893618
a 104.9035 164.7887 142.1908 122.986 133.2642 79.94307 8.010159 82.18305 9.229928 7.325899 89.31198 6.356873 5.893618
a 104.8538 164.8252 142.2375 123.0238 133.2271 73.78986 8.008247 82.18063 9.232908 7.316975 89.30994 6.339298 5.871226
a 104.8538 164.8252 142.2375 123.0238 133.2271 73.78986 8.008247 82.18063 9.232908 7.316975 89.30994 6.339298 5.871226
a 104.8124 164.8541 142.2716 123.0444 133.2221 71.12881 8.00864 82.17471 9.258118 7.314346 89.31063 6.299056 5.857656
a 104.8124 164.8541 142.2716 123.0444 133.2221 71.12881 8.00864 82.17471 9.258118 7.314346 89.31063 6.299056 5.857656
a 104.7885 164.8688 142.315 122.9649 133.1092 69.05894 8.013346 82.16351 9.237738 7.31102 89.31207 6.296066 5.945936
a 104.7885 164.8688 142.315 122.9649 133.1092 69.05894 8.013346 82.16351 9.237738 7.31102 89.31207 6.296066 5.945936
a 104.7722 164.8786 142.3786 122.8415 133.187 67.84261 8.008615 82.16035 9.264186 7.30965 89.31348 6.281414 6.053949
a 104.7722 164.8786 142.3786 122.8415 133.187 67.84261 8.008615 82.16035 9.264186 7.30965 89.31348 6.281414 6.053949
a 104.766 164.879 142.41 122.8452 133.1642 67.81496 7.997823 82.16141 9.255422 7.310645 89.31284 6.296658 6.090978
a 104.766 164.879 142.41 122.8452 133.1642 67.81496 7.997823 82.16141 9.255422 7.310645 89.31284 6.296658 6.090978
a 104.7761 164.8623 142.409 122.8567 133.0835 68.21873 7.987925 82.16299 9.214436 7.316331 89.31159 6.312643 6.144397
a 104.7761 164.8623 142.409 122.8567 133.0835 68.21873 7.987925 82.16299 9.214436 7.316331 89.31159 6.312643 6.144397
a 104.7755 164.8563 142.4205 122.846 133.0571 69.21952 7.982025 82.16486 9.20652 7.316895 89.31621 6.282412 6.177745
a 104.7755 164.8563 142.4205 122.846 133.0571 69.21952 7.982025 82.16486 9.20652 7.316895 89.31621 6.282412 6.177745
a 104.7756 164.8535 142.4191 122.8389 133.0748 70.09245 7.98141 82.16108 9.183161 7.318557 89.32877 6.264567 6.20643
a 104.7756 164.8535 142.4191 122.8389 133.0748 70.09245 7.98141 82.16108 9.183161 7.318557 89.32877 6.264567 6.20643
a 104.7666 164.8624 142.4185 122.8062 133.3228 70.8625 7.98559 82.15466 9.167054 7.310751 89.35548 6.188399 6.166787
a 104.7666 164.8624 142.4185 122.8062 133.3228 70.8625 7.98559 82.15466 9.167054 7.310751 89.35548 6.188399 6.166787
a 104.7618 164.8689 142.4039 122.6623 133.6255 71.47488 8.003785 82.13611 9.136004 7.302266 89.36369 6.15651 6.199667
a 104.7618 164.8689 142.4039 122.6623 133.6255 71.47488 8.003785 82.13611 9.136004 7.302266 89.36369 6.15651 6.199667
a 104.762 164.8695 142.37 122.4541 133.8829 72.02084 8.014643 82.12288 9.093017 7.289707 89.37658 6.099662 6.291892
a 104.762 164.8695 142.37 122.4541 133.8829 72.02084 8.014643 82.12288 9.093017 7.289707 89.37658 6.099662 6.291892
a 104.7522 164.887 142.3646 122.3326 133.9885 72.30558 8.014177 82.11409 8.96642 7.274404 89.39378 6.032995 6.349589
a 104.7522 164.887 142.3646 122.3326 133.9885 72.30558 8.014177 82.11409 8.96642 7.274404 89.39378 6.032995 6.349589
a 104.7826 164.8936 142.401 122.36 134.2121 72.73375 8.012879 82.10756 8.858716 7.240314 89.38848 6.014608 6.380794
a 104.7826 164.8936 142.401 122.36 134.2121 72.73375 8.012879 82.10756 8.858716 7.240314 89.38848 6.014608 6.380794
a 104.8141 164.894 142.4508 122.1246 134.4715 73.26141 8.016137 82.09691 8.76997 7.206091 89.37576 6.032052 6.593801
a 104.8141 164.894 142.4508 122.1246 134.4715 73.26141 8.016137 82.09691 8.76997 7.206091 89.37576 6.032052 6.593801
a 104.8897 164.8485 142.4928 121.9376 134.4677 73.55176 8.018366 82.08603 8.696352 7.165959 89.36922 6.011902 6.884956
a 104.8897 164.8485 142.4928 121.9376 134.4677 73.55176 8.018366 82.08603 8.696352 7.165959 89.36922 6.011902 6.884956
a 104.9298 164.8296 142.5651 122.1081 134.0891 73.30191 8.004643 82.08887 8.621085 7.138557 89.37154 5.998747 7.019342
a 104.9298 164.8296 142.5651 122.1081 134.0891 73.30191 8.004643 82.08887 8.621085 7.138557 89.37154 5.998747 7.019342
a 104.9718 164.8138 142.6772 122.225 134.0137 73.53821 7.989056 82.09238 8.469396 7.108071 89.36571 5.977371 7.200454
a 104.9718 164.8138 142.6772 122.225 134.0137 73.53821 7.989056 82.09238 8.469396 7.108071 89.36571 5.977371 7.200454
a 104.9718 164.8138 142.6772 122.225 134.0137 73.53821 7.989056 82.09238 8.469396 7.108071 89.36571 5.977371 7.200454
a 104.9718 164.8138 142.6772 122.225 134.0137 73.53821 7.989056 82.09238 8.469396 7.108071 89.36571 5.977371 7.200454
a 105.0273 164.7803 142.7609 122.3994 133.8235 73.7857 7.964717 82.10388 8.397279 7.080391 89.3646 5.942935 7.379749
a 105.0273 164.7803 142.7609 122.3994 133.8235 73.7857 7.964717 82.10388 8.397279 7.080391 89.3646 5.942935 7.379749
a 105.0273 164.7803 142.7609 122.3994 133.8235 73.7857 7.964717 82.10388 8.397279 7.080391 89.3646 5.942935 7.379749
a 105.0273 164.7803 142.7609 122.3994 133.8235 73.7857 7.964717 82.10388 8.397279 7.080391 89.3646 5.942935 7.379749
c 49.26366 129.8309 158.1257 13.26573 99.41702 33.63013 7.442392 84.26422 4.100786 8.309456 94.10629 6.08067 2.030376
c 49.26366 129.8309 158.1257 13.26573 99.41702 33.63013 7.442392 84.26422 4.100786 8.309456 94.10629 6.08067 2.030376
c 49.5858 130.182 157.7858 13.95678 100.0127 38.1809 7.317511 84.3602 4.05473 8.262298 94.20254 6.034359 2.084408
c 49.5858 130.182 157.7858 13.95678 100.0127 38.1809 7.317511 84.3602 4.05473 8.262298 94.20254 6.034359 2.084408
c 50.0751 130.7509 157.1773 14.71049 101.151 41.66039 7.036619 84.66839 4.003892 8.248145 94.63074 5.838954 1.673627
c 50.0751 130.7509 157.1773 14.71049 101.151 41.66039 7.036619 84.66839 4.003892 8.248145 94.63074 5.838954 1.673627
c 50.90376 131.6049 156.1987 16.27977 103.0879 42.18508 6.654963 85.12435 4.011027 8.309124 95.19212 5.60399 1.712579
c 50.90376 131.6049 156.1987 16.27977 103.0879 42.18508 6.654963 85.12435 4.011027 8.309124 95.19212 5.60399 1.712579
c 51.4817 132.0791 157.8554 17.12181 103.9311 42.57377 6.412948 85.44946 4.158076 8.376511 95.62202 5.420794 1.752565
c 51.4817 132.0791 157.8554 17.12181 103.9311 42.57377 6.412948 85.44946 4.158076 8.376511 95.62202 5.420794 1.752565
c 51.9801 132.4441 158.3061 17.74856 104.3594 42.68231 6.214449 85.71457 4.228229 8.426041 95.88057 5.389434 1.817039
c 51.9801 132.4441 158.3061 17.74856 104.3594 42.68231 6.214449 85.71457 4.228229 8.426041 95.88057 5.389434 1.817039
c 52.259 132.6631 158.5205 18.15978 104.6818 42.6235 6.107049 85.84732 4.313932 8.444804 95.99671 5.394522 1.968514
c 52.259 132.6631 158.5205 18.15978 104.6818 42.6235 6.107049 85.84732 4.313932 8.444804 95.99671 5.394522 1.968514
c 52.41917 132.8001 158.6579 18.38626 104.8916 42.53067 6.05288 85.91545 4.398414 8.406558 96.01861 5.465509 2.223608
c 52.41917 132.8001 158.6579 18.38626 104.8916 42.53067 6.05288 85.91545 4.398414 8.406558 96.01861 5.465509 2.223608
c 52.55407 132.9165 158.7294 18.56446 105.0478 42.25178 6.006879 85.95045 4.439459 8.325862 95.98864 5.577875 2.473855
c 52.55407 132.9165 158.7294 18.56446 105.0478 42.25178 6.006879 85.95045 4.439459 8.325862 95.98864 5.577875 2.473855
c 52.67339 133.0184 158.6407 18.53308 105.0818 42.10374 5.977141 85.95198 4.473345 8.221226 95.9202 5.71028 2.674007
c 52.67339 133.0184 158.6407 18.53308 105.0818 42.10374 5.977141 85.95198 4.473345 8.221226 95.9202 5.71028 2.674007
c 52.73433 133.0844 156.7496 18.42953 105.0524 41.95227 5.972219 85.94141 4.524848 8.125597 95.83887 5.829581 2.973548
c 52.73433 133.0844 156.7496 18.42953 105.0524 41.95227 5.972219 85.94141 4.524848 8.125597 95.83887 5.829581 2.973548
c 52.74562 133.1437 156.5733 18.32431 104.9798 41.85342 5.969297 85.90467 4.571833 8.033408 95.75011 5.938151 3.12393
c 52.74562 133.1437 156.5733 18.32431 104.9798 41.85342 5.969297 85.90467 4.571833 8.033408 95.75011 5.938151 3.12393
c 52.80631 133.2293 156.3993 18.21175 104.8381 41.65912 5.966735 85.83175 4.6208 7.92189 95.63189 6.067889 3.183523
c 52.80631 133.2293 156.3993 18.21175 104.8381 41.65912 5.966735 85.83175 4.6208 7.92189 95.63189 6.067889 3.183523
c 52.80535 133.2724 155.9624 18.19754 104.724 41.52892 5.968345 85.7826 4.644984 7.847679 95.52924 6.167994 3.471077
c 52.80535 133.2724 155.9624 18.19754 104.724 41.52892 5.968345 85.7826 4.644984 7.847679 95.52924 6.167994 3.471077
c 52.71609 133.2711 155.3969 18.15 104.6582 41.19721 6.005834 85.67918 4.711852 7.772865 95.40463 6.259964 3.649158
c 52.71609 133.2711 155.3969 18.15 104.6582 41.19721 6.005834 85.67918 4.711852 7.772865 95.40463 6.259964 3.649158
c 52.58686 133.2616 156.1703 17.93485 104.3998 41.02459 6.044097 85.58091 4.761603 7.703725 95.27682 6.35641 3.706708
c 52.58686 133.2616 156.1703 17.93485 104.3998 41.02459 6.044097 85.58091 4.761603 7.703725 95.27682 6.35641 3.706708
c 52.53107 133.2796 156.6696 17.78681 104.2392 40.86884 6.076897 85.50086 4.796977 7.649321 95.15338 6.429895 3.771228
c 52.53107 133.2796 156.6696 17.78681 104.2392 40.86884 6.076897 85.50086 4.796977 7.649321 95.15338 6.429895 3.771228
c 52.49066 133.3126 157.1644 17.77952 104.1951 41.01346 6.109841 85.44809 4.814301 7.625398 95.0521 6.456645 3.826383
c 52.49066 133.3126 157.1644 17.77952 104.1951 41.01346 6.109841 85.44809 4.814301 7.625398 95.0521 6.456645 3.826383
c 52.45851 133.3754 157.5776 17.69233 104.151 41.07719 6.141716 85.40285 4.812796 7.613344 94.94771 6.485553 3.838033
c 52.45851 133.3754 157.5776 17.69233 104.151 41.07719 6.141716 85.40285 4.812796 7.613344 94.94771 6.485553 3.838033
c 52.44196 133.4271 157.7658 17.62514 104.0283 41.30735 6.176761 85.36762 4.806238 7.610276 94.85741 6.490056 3.914866
c 52.44196 133.4271 157.7658 17.62514 104.0283 41.30735 6.176761 85.36762 4.806238 7.610276 94.85741 6.490056 3.914866
c 52.42561 133.4775 158.002 17.47532 103.9435 41.44065 6.198971 85.34927 4.767318 7.623545 94.8023 6.482952 3.958887
c 52.42561 133.4775 158.002 17.47532 103.9435 41.44065 6.198971 85.34927 4.767318 7.623545 94.8023 6.482952 3.958887
c 52.41372 133.4983 158.1584 17.36319 103.8854 41.55835 6.210694 85.34062 4.713431 7.639386 94.75845 6.468599 4.025404
c 52.41372 133.4983 158.1584 17.36319 103.8854 41.55835 6.210694 85.34062 4.713431 7.639386 94.75845 6.468599 4.025404
c 52.40384 133.4909 158.2651 17.27846 103.8305 41.56527 6.212808 85.34312 4.654758 7.655271 94.72406 6.451358 4.048688
c 52.40384 133.4909 158.2651 17.27846 103.8305 41.56527 6.212808 85.34312 4.654758 7.655271 94.72406 6.451358 4.048688
c 52.36496 133.4466 158.3724 17.03732 103.7024 41.65873 6.208673 85.34564 4.594271 7.666185 94.69419 6.448653 4.077607
c 52.36496 133.4466 158.3724 17.03732 103.7024 41.65873 6.208673 85.34564 4.594271 7.666185 94.69419 6.448653 4.077607
c 52.33469 133.4531 158.4409 17.02402 103.7133 41.73321 6.198465 85.35588 4.528008 7.678591 94.67413 6.43334 4.1861
c 52.33469 133.4531 158.4409 17.02402 103.7133 41.73321 6.198465 85.35588 4.528008 7.678591 94.67413 6.43334 4.1861
c 52.32655 133.4677 158.4392 17.17294 103.7429 41.88543 6.182599 85.37502 4.448758 7.699496 94.66722 6.395956 4.453202
c 52.32655 133.4677 158.4392 17.17294 103.7429 41.88543 6.182599 85.37502 4.448758 7.699496 94.66722 6.395956 4.453202
c 52.34862 133.5199 158.3341 17.27443 103.8441 42.15016 6.172221 85.39103 4.386866 7.721919 94.67457 6.331747 4.625037
c 52.34862 133.5199 158.3341 17.27443 103.8441 42.15016 6.172221 85.39103 4.386866 7.721919 94.67457 6.331747 4.625037
c 52.40268 133.6152 158.2859 17.32347 103.9735 42.26081 6.16437 85.40444 4.335128 7.738017 94.68033 6.28731 4.704071
c 52.40268 133.6152 158.2859 17.32347 103.9735 42.26081 6.16437 85.40444 4.335128 7.738017 94.68033 6.28731 4.704071
c 52.45974 133.6941 158.2647 17.36324 104.0545 42.44794 6.156287 85.41766 4.28624 7.751803 94.68479 6.250875 4.829699
c 52.45974 133.6941 158.2647 17.36324 104.0545 42.44794 6.156287 85.41766 4.28624 7.751803 94.68479 6.250875 4.829699
c 52.53617 133.7849 158.2122 17.45318 104.1771 42.66821 6.152592 85.42597 4.251003 7.765994 94.69192 6.210504 4.918327
c 52.53617 133.7849 158.2122 17.45318 104.1771 42.66821 6.152592 85.42597 4.251003 7.765994 94.69192 6.210504 4.918327
c 52.60664 133.8629 158.1766 17.60899 104.3138 42.70319 6.146885 85.4379 4.208125 7.784447 94.70685 6.145896 4.996262
c 52.60664 133.8629 158.1766 17.60899 104.3138 42.70319 6.146885 85.4379 4.208125 7.784447 94.70685 6.145896 4.996262
c 52.66005 133.9211 158.1416 17.76869 104.4369 42.67862 6.143472 85.44711 4.166593 7.803032 94.72603 6.075703 5.03069
c 52.66005 133.9211 158.1416 17.76869 104.4369 42.67862 6.143472 85.44711 4.166593 7.803032 94.72603 6.075703 5.03069
c 52.72546 133.9794 158.0801 17.87003 104.5419 42.62087 6.153324 85.44341 4.133655 7.816377 94.73908 6.017638 5.027301
c 52.72546 133.9794 158.0801 17.87003 104.5419 42.62087 6.153324 85.44341 4.133655 7.816377 94.73908 6.017638 5.027301
c 52.76889 133.9961 157.7949 17.7219 104.5075 42.61137 6.188114 85.41968 4.124596 7.819742 94.73293 6.004463 4.872626
c 52.76889 133.9961 157.7949 17.7219 104.5075 42.61137 6.188114 85.41968 4.124596 7.819742 94.73293 6.004463 4.872626
c 52.78201 133.9827 157.773 17.77759 104.5571 42.5589 6.21754 85.41336 4.098015 7.821599 94.7269 5.976091 4.892768
c 52.78201 133.9827 157.773 17.77759 104.5571 42.5589 6.21754 85.41336 4.098015 7.821599 94.7269 5.976091 4.892768
c 52.79711 133.9842 157.7516 17.70247 104.5319 42.68995 6.237122 85.41005 4.052749 7.814921 94.71484 5.963351 4.939394
c 52.79711 133.9842 157.7516 17.70247 104.5319 42.68995 6.237122 85.41005 4.052749 7.814921 94.71484 5.963351 4.939394
c 52.79351 133.9492 157.7683 17.72135 104.5594 42.66414 6.244976 85.41437 3.989782 7.809821 94.70019 5.956378 5.04337
c 52.79351 133.9492 157.7683 17.72135 104.5594 42.66414 6.244976 85.41437 3.989782 7.809821 94.70019 5.956378 5.04337
c 52.79351 133.9492 157.7683 17.72135 104.5594 42.66414 6.244976 85.41437 3.989782 7.809821 94.70019 5.956378 5.04337
c 52.79351 133.9492 157.7683 17.72135 104.5594 42.66414 6.244976 85.41437 3.989782 7.809821 94.70019 5.956378 5.04337
c 52.793 133.9316 157.7499 17.70494 104.535 42.54698 6.241239 85.428 3.926205 7.825237 94.6848 5.93924 5.182323
c 52.793 133.9316 157.7499 17.70494 104.535 42.54698 6.241239 85.428 3.926205 7.825237 94.6848 5.93924 5.182323
c 52.793 133.9316 157.7499 17.70494 104.535 42.54698 6.241239 85.428 3.926205 7.825237 94.6848 5.93924 5.182323
c 52.793 133.9316 157.7499 17.70494 104.535 42.54698 6.241239 85.428 3.926205 7.825237 94.6848 5.93924 5.182323
